image_width: 1280
image_height: 1024
camera_name: head_camera
camera_matrix:
  rows: 3
  cols: 3
  data: [850.06156, 0.0000, 321.38831, 0.00000, 848.78438, 246.56109, 0.00000, 0.00000, 1.00000 ]
distortion_model: plumb_bob
distortion_coefficients:
  rows: 1
  cols: 5
  data: [-0.04673, 0.00000, 0.00000, 0.00000, 0.00000 ]
rectification_matrix:
  rows: 3
  cols: 3
  data: [1, 0, 0, 0, 1, 0, 0, 0, 1]
projection_matrix:
  rows: 3
  cols: 4
  data: [850.06156, 0.00000, 321.38831, 0.00000, 0.00000, 848.78438, 246.56109, 0.00000, 0.00000, 0.00000, 1.00000, 0.00000]
